0.5 0 -0 0 -0.5 -0
0.404509 0 -0.293893 0 -0.5 -0
0.154509 0 -0.475528 0 -0.5 -0
-0.154509 0 -0.475528 -0 -0.5 -0
-0.404509 0 -0.293893 -0 -0.5 -0
-0.5 0 -6.12323e-17 -0 -0.5 -0
-0.404509 0 0.293893 -0 -0.5 0
-0.154509 0 0.475528 -0 -0.5 0
0.154509 0 0.475528 0 -0.5 0
0.404509 0 0.293893 0 -0.5 0
0.5 0 1.22465e-16 0 -0.5 0
0.999512 0.000488281 -0 0.000244141 -0.499512 -0
0.808622 0.000488281 -0.587498 0.000197514 -0.499512 -0.000143502
0.308866 0.000488281 -0.950592 7.54436e-05 -0.499512 -0.000232192
-0.308866 0.000488281 -0.950592 -7.54436e-05 -0.499512 -0.000232192
-0.808622 0.000488281 -0.587498 -0.000197514 -0.499512 -0.000143502
-0.999512 0.000488281 -1.22405e-16 -0.000244141 -0.499512 -2.98986e-20
-0.808622 0.000488281 0.587498 -0.000197514 -0.499512 0.000143502
-0.308866 0.000488281 0.950592 -7.54436e-05 -0.499512 0.000232192
0.308866 0.000488281 0.950592 7.54436e-05 -0.499512 0.000232192
0.808622 0.000488281 0.587498 0.000197514 -0.499512 0.000143502
0.999512 0.000488281 2.4481e-16 0.000244141 -0.499512 5.97972e-20
1.49805 0.00195313 -0 0.000976563 -0.498535 -0
1.21195 0.00195313 -0.88053 0.000790056 -0.498535 -0.000574009
0.462922 0.00195313 -1.42473 0.000301774 -0.498535 -0.000928766
-0.462922 0.00195313 -1.42473 -0.000301774 -0.498535 -0.000928766
-1.21195 0.00195313 -0.88053 -0.000790056 -0.498535 -0.000574009
-1.49805 0.00195313 -1.83458e-16 -0.000976563 -0.498535 -1.19594e-19
-1.21195 0.00195313 0.88053 -0.000790056 -0.498535 0.000574009
-0.462922 0.00195313 1.42473 -0.000301774 -0.498535 0.000928766
0.462922 0.00195313 1.42473 0.000301774 -0.498535 0.000928766
1.21195 0.00195313 0.88053 0.000790056 -0.498535 0.000574009
1.49805 0.00195313 3.66916e-16 0.000976563 -0.498535 2.39189e-19
1.99512 0.00488281 -0 0.00219727 -0.49707 -0
1.61408 0.00488281 -1.1727 0.00177763 -0.49707 -0.00129152
0.616525 0.00488281 -1.89747 0.000678992 -0.49707 -0.00208972
-0.616525 0.00488281 -1.89747 -0.000678992 -0.49707 -0.00208972
-1.61408 0.00488281 -1.1727 -0.00177763 -0.49707 -0.00129152
-1.99512 0.00488281 -2.44331e-16 -0.00219727 -0.49707 -2.69087e-19
-1.61408 0.00488281 1.1727 -0.00177763 -0.49707 0.00129152
-0.616525 0.00488281 1.89747 -0.000678992 -0.49707 0.00208972
0.616525 0.00488281 1.89747 0.000678992 -0.49707 0.00208972
1.61408 0.00488281 1.1727 0.00177763 -0.49707 0.00129152
1.99512 0.00488281 4.88663e-16 0.00219727 -0.49707 5.38175e-19
2.49023 0.00976563 -0 0.00390625 -0.495117 -0
2.01464 0.00976563 -1.46372 0.00316022 -0.495117 -0.00229604
0.769525 0.00976563 -2.36835 0.0012071 -0.495117 -0.00371506
-0.769525 0.00976563 -2.36835 -0.0012071 -0.495117 -0.00371506
-2.01464 0.00976563 -1.46372 -0.00316022 -0.495117 -0.00229604
-2.49023 0.00976563 -3.04966e-16 -0.00390625 -0.495117 -4.78378e-19
-2.01464 0.00976563 1.46372 -0.00316022 -0.495117 0.00229604
-0.769525 0.00976563 2.36835 -0.0012071 -0.495117 0.00371506
0.769525 0.00976563 2.36835 0.0012071 -0.495117 0.00371506
2.01464 0.00976563 1.46372 0.00316022 -0.495117 0.00229604
2.49023 0.00976563 6.09932e-16 0.00390625 -0.495117 9.56755e-19
2.98291 0.0170898 -0 0.00610352 -0.492676 -0
2.41322 0.0170898 -1.75331 0.00493785 -0.492676 -0.00358756
0.92177 0.0170898 -2.83692 0.00188609 -0.492676 -0.00580479
-0.92177 0.0170898 -2.83692 -0.00188609 -0.492676 -0.00580479
-2.41322 0.0170898 -1.75331 -0.00493785 -0.492676 -0.00358756
-2.98291 0.0170898 -3.65301e-16 -0.00610352 -0.492676 -7.47465e-19
-2.41322 0.0170898 1.75331 -0.00493785 -0.492676 0.00358756
-0.92177 0.0170898 2.83692 -0.00188609 -0.492676 0.00580479
0.92177 0.0170898 2.83692 0.00188609 -0.492676 0.00580479
2.41322 0.0170898 1.75331 0.00493785 -0.492676 0.00358756
2.98291 0.0170898 7.30602e-16 0.00610352 -0.492676 1.49493e-18
3.47266 0.0273438 -0 0.00878906 -0.489746 -0
2.80944 0.0273438 -2.04118 0.0071105 -0.489746 -0.00516608
1.07311 0.0273438 -3.30269 0.00271597 -0.489746 -0.00835889
-1.07311 0.0273438 -3.30269 -0.00271597 -0.489746 -0.00835889
-2.80944 0.0273438 -2.04118 -0.0071105 -0.489746 -0.00516608
-3.47266 0.0273438 -4.25278e-16 -0.00878906 -0.489746 -1.07635e-18
-2.80944 0.0273438 2.04118 -0.0071105 -0.489746 0.00516608
-1.07311 0.0273438 3.30269 -0.00271597 -0.489746 0.00835889
1.07311 0.0273438 3.30269 0.00271597 -0.489746 0.00835889
2.80944 0.0273438 2.04118 0.0071105 -0.489746 0.00516608
3.47266 0.0273438 8.50555e-16 0.00878906 -0.489746 2.1527e-18
3.95898 0.0410156 -0 0.0119629 -0.486328 -0
3.20289 0.0410156 -2.32703 0.00967818 -0.486328 -0.00703161
1.22339 0.0410156 -3.76522 0.00369674 -0.486328 -0.0113774
-1.22339 0.0410156 -3.76522 -0.00369674 -0.486328 -0.0113774
-3.20289 0.0410156 -2.32703 -0.00967818 -0.486328 -0.00703161
-3.95898 0.0410156 -4.84836e-16 -0.0119629 -0.486328 -1.46503e-18
-3.20289 0.0410156 2.32703 -0.00967818 -0.486328 0.00703161
-1.22339 0.0410156 3.76522 -0.00369674 -0.486328 0.0113774
1.22339 0.0410156 3.76522 0.00369674 -0.486328 0.0113774
3.20289 0.0410156 2.32703 0.00967818 -0.486328 0.00703161
3.95898 0.0410156 9.69671e-16 0.0119629 -0.486328 2.93006e-18
4.44141 0.0585938 -0 0.015625 -0.482422 -0
3.59317 0.0585938 -2.61059 0.0126409 -0.482422 -0.00918414
1.37247 0.0585938 -4.22403 0.00482839 -0.482422 -0.0148603
-1.37247 0.0585938 -4.22403 -0.00482839 -0.482422 -0.0148603
-3.59317 0.0585938 -2.61059 -0.0126409 -0.482422 -0.00918414
-4.44141 0.0585938 -5.43915e-16 -0.015625 -0.482422 -1.91351e-18
-3.59317 0.0585938 2.61059 -0.0126409 -0.482422 0.00918414
-1.37247 0.0585938 4.22403 -0.00482839 -0.482422 0.0148603
1.37247 0.0585938 4.22403 0.00482839 -0.482422 0.0148603
3.59317 0.0585938 2.61059 0.0126409 -0.482422 0.00918414
4.44141 0.0585938 1.08783e-15 0.015625 -0.482422 3.82702e-18
4.91943 0.0805664 -0 0.0197754 -0.478027 -0
3.97991 0.0805664 -2.89157 0.0159986 -0.478027 -0.0116237
1.52019 0.0805664 -4.67866 0.00611093 -0.478027 -0.0188075
-1.52019 0.0805664 -4.67866 -0.00611093 -0.478027 -0.0188075
-3.97991 0.0805664 -2.89157 -0.0159986 -0.478027 -0.0116237
-4.91943 0.0805664 -6.02457e-16 -0.0197754 -0.478027 -2.42179e-18
-3.97991 0.0805664 2.89157 -0.0159986 -0.478027 0.0116237
-1.52019 0.0805664 4.67866 -0.00611093 -0.478027 0.0188075
1.52019 0.0805664 4.67866 0.00611093 -0.478027 0.0188075
3.97991 0.0805664 2.89157 0.0159986 -0.478027 0.0116237
4.91943 0.0805664 1.20491e-15 0.0197754 -0.478027 4.84357e-18
5.39258 0.107422 -0 0.0244141 -0.473145 -0
4.36269 0.107422 -3.16968 0.0197514 -0.473145 -0.0143502
1.6664 0.107422 -5.12865 0.00754436 -0.473145 -0.0232192
-1.6664 0.107422 -5.12865 -0.00754436 -0.473145 -0.0232192
-4.36269 0.107422 -3.16968 -0.0197514 -0.473145 -0.0143502
-5.39258 0.107422 -6.604e-16 -0.0244141 -0.473145 -2.98986e-18
-4.36269 0.107422 3.16968 -0.0197514 -0.473145 0.0143502
-1.6664 0.107422 5.12865 -0.00754436 -0.473145 0.0232192
1.6664 0.107422 5.12865 0.00754436 -0.473145 0.0232192
4.36269 0.107422 3.16968 0.0197514 -0.473145 0.0143502
5.39258 0.107422 1.3208e-15 0.0244141 -0.473145 5.97972e-18
5.86035 0.139648 -0 0.029541 -0.467773 -0
4.74112 0.139648 -3.44463 0.0238992 -0.467773 -0.0173638
1.81095 0.139648 -5.57353 0.00912868 -0.467773 -0.0280952
-1.81095 0.139648 -5.57353 -0.00912868 -0.467773 -0.0280952
-4.74112 0.139648 -3.44463 -0.0238992 -0.467773 -0.0173638
-5.86035 0.139648 -7.17686e-16 -0.029541 -0.467773 -3.61773e-18
-4.74112 0.139648 3.44463 -0.0238992 -0.467773 0.0173638
-1.81095 0.139648 5.57353 -0.00912868 -0.467773 0.0280952
1.81095 0.139648 5.57353 0.00912868 -0.467773 0.0280952
4.74112 0.139648 3.44463 0.0238992 -0.467773 0.0173638
5.86035 0.139648 1.43537e-15 0.029541 -0.467773 7.23546e-18
6.32227 0.177734 -0 0.0351563 -0.461914 -0
5.11482 0.177734 -3.71613 0.028442 -0.461914 -0.0206643
1.95369 0.177734 -6.01283 0.0108639 -0.461914 -0.0334356
-1.95369 0.177734 -6.01283 -0.0108639 -0.461914 -0.0334356
-5.11482 0.177734 -3.71613 -0.028442 -0.461914 -0.0206643
-6.32227 0.177734 -7.74254e-16 -0.0351563 -0.461914 -4.3054e-18
-5.11482 0.177734 3.71613 -0.028442 -0.461914 0.0206643
-1.95369 0.177734 6.01283 -0.0108639 -0.461914 0.0334356
1.95369 0.177734 6.01283 0.0108639 -0.461914 0.0334356
5.11482 0.177734 3.71613 0.028442 -0.461914 0.0206643
6.32227 0.177734 1.54851e-15 0.0351563 -0.461914 8.6108e-18
6.77783 0.222168 -0 0.0412598 -0.455566 -0
5.48338 0.222168 -3.98391 0.0333799 -0.455566 -0.0242519
2.09447 0.222168 -6.4461 0.01275 -0.455566 -0.0392404
-2.09447 0.222168 -6.4461 -0.01275 -0.455566 -0.0392404
-5.48338 0.222168 -3.98391 -0.0333799 -0.455566 -0.0242519
-6.77783 0.222168 -8.30045e-16 -0.0412598 -0.455566 -5.05286e-18
-5.48338 0.222168 3.98391 -0.0333799 -0.455566 0.0242519
-2.09447 0.222168 6.4461 -0.01275 -0.455566 0.0392404
2.09447 0.222168 6.4461 0.01275 -0.455566 0.0392404
5.48338 0.222168 3.98391 0.0333799 -0.455566 0.0242519
6.77783 0.222168 1.66009e-15 0.0412598 -0.455566 1.01057e-17
7.22656 0.273438 -0 0.0478516 -0.44873 -0
5.84641 0.273438 -4.24767 0.0387127 -0.44873 -0.0281264
2.23313 0.273438 -6.87287 0.0147869 -0.44873 -0.0455095
-2.23313 0.273438 -6.87287 -0.0147869 -0.44873 -0.0455095
-5.84641 0.273438 -4.24767 -0.0387127 -0.44873 -0.0281264
-7.22656 0.273438 -8.84999e-16 -0.0478516 -0.44873 -5.86013e-18
-5.84641 0.273438 4.24767 -0.0387127 -0.44873 0.0281264
-2.23313 0.273438 6.87287 -0.0147869 -0.44873 0.0455095
2.23313 0.273438 6.87287 0.0147869 -0.44873 0.0455095
5.84641 0.273438 4.24767 0.0387127 -0.44873 0.0281264
7.22656 0.273438 1.77e-15 0.0478516 -0.44873 1.17203e-17
7.66797 0.332031 -0 0.0549316 -0.441406 -0
6.20352 0.332031 -4.50712 0.0444406 -0.441406 -0.032288
2.36953 0.332031 -7.29267 0.0169748 -0.441406 -0.0522431
-2.36953 0.332031 -7.29267 -0.0169748 -0.441406 -0.0522431
-6.20352 0.332031 -4.50712 -0.0444406 -0.441406 -0.032288
-7.66797 0.332031 -9.39055e-16 -0.0549316 -0.441406 -6.72719e-18
-6.20352 0.332031 4.50712 -0.0444406 -0.441406 0.032288
-2.36953 0.332031 7.29267 -0.0169748 -0.441406 0.0522431
2.36953 0.332031 7.29267 0.0169748 -0.441406 0.0522431
6.20352 0.332031 4.50712 0.0444406 -0.441406 0.032288
7.66797 0.332031 1.87811e-15 0.0549316 -0.441406 1.34544e-17
8.10156 0.398438 -0 0.0625 -0.433594 -0
6.5543 0.398438 -4.76198 0.0505636 -0.433594 -0.0367366
2.50352 0.398438 -7.70504 0.0193136 -0.433594 -0.059441
-2.50352 0.398438 -7.70504 -0.0193136 -0.433594 -0.059441
-6.5543 0.398438 -4.76198 -0.0505636 -0.433594 -0.0367366
-8.10156 0.398438 -9.92155e-16 -0.0625 -0.433594 -7.65404e-18
-6.5543 0.398438 4.76198 -0.0505636 -0.433594 0.0367366
-2.50352 0.398438 7.70504 -0.0193136 -0.433594 0.059441
2.50352 0.398438 7.70504 0.0193136 -0.433594 0.059441
6.5543 0.398438 4.76198 0.0505636 -0.433594 0.0367366
8.10156 0.398438 1.98431e-15 0.0625 -0.433594 1.53081e-17
8.52686 0.473145 -0 0.0705566 -0.425293 -0
6.89837 0.473145 -5.01196 0.0570815 -0.425293 -0.0414722
2.63494 0.473145 -8.10952 0.0218032 -0.425293 -0.0671034
-2.63494 0.473145 -8.10952 -0.0218032 -0.425293 -0.0671034
-6.89837 0.473145 -5.01196 -0.0570815 -0.425293 -0.0414722
-8.52686 0.473145 -1.04424e-15 -0.0705566 -0.425293 -8.6407e-18
-6.89837 0.473145 5.01196 -0.0570815 -0.425293 0.0414722
-2.63494 0.473145 8.10952 -0.0218032 -0.425293 0.0671034
2.63494 0.473145 8.10952 0.0218032 -0.425293 0.0671034
6.89837 0.473145 5.01196 0.0570815 -0.425293 0.0414722
8.52686 0.473145 2.08848e-15 0.0705566 -0.425293 1.72814e-17
8.94336 0.556641 -0 0.0791016 -0.416504 -0
7.23533 0.556641 -5.25677 0.0639945 -0.416504 -0.0464947
2.76365 0.556641 -8.50564 0.0244437 -0.416504 -0.0752301
-2.76365 0.556641 -8.50564 -0.0244437 -0.416504 -0.0752301
-7.23533 0.556641 -5.25677 -0.0639945 -0.416504 -0.0464947
-8.94336 0.556641 -1.09525e-15 -0.0791016 -0.416504 -9.68715e-18
-7.23533 0.556641 5.25677 -0.0639945 -0.416504 0.0464947
-2.76365 0.556641 8.50564 -0.0244437 -0.416504 0.0752301
2.76365 0.556641 8.50564 0.0244437 -0.416504 0.0752301
7.23533 0.556641 5.25677 0.0639945 -0.416504 0.0464947
8.94336 0.556641 2.19049e-15 0.0791016 -0.416504 1.93743e-17
9.35059 0.649414 -0 0.0881348 -0.407227 -0
7.56478 0.649414 -5.49614 0.0713025 -0.407227 -0.0518043
2.88949 0.649414 -8.89294 0.0272351 -0.407227 -0.0838211
-2.88949 0.649414 -8.89294 -0.0272351 -0.407227 -0.0838211
-7.56478 0.649414 -5.49614 -0.0713025 -0.407227 -0.0518043
-9.35059 0.649414 -1.14512e-15 -0.0881348 -0.407227 -1.07934e-17
-7.56478 0.649414 5.49614 -0.0713025 -0.407227 0.0518043
-2.88949 0.649414 8.89294 -0.0272351 -0.407227 0.0838211
2.88949 0.649414 8.89294 0.0272351 -0.407227 0.0838211
7.56478 0.649414 5.49614 0.0713025 -0.407227 0.0518043
9.35059 0.649414 2.29023e-15 0.0881348 -0.407227 2.15868e-17
9.74805 0.751953 -0 0.0976563 -0.397461 -0
7.88634 0.751953 -5.72976 0.0790056 -0.397461 -0.0574009
3.01231 0.751953 -9.27094 0.0301774 -0.397461 -0.0928766
-3.01231 0.751953 -9.27094 -0.0301774 -0.397461 -0.0928766
-7.88634 0.751953 -5.72976 -0.0790056 -0.397461 -0.0574009
-9.74805 0.751953 -1.19379e-15 -0.0976563 -0.397461 -1.19594e-17
-7.88634 0.751953 5.72976 -0.0790056 -0.397461 0.0574009
-3.01231 0.751953 9.27094 -0.0301774 -0.397461 0.0928766
3.01231 0.751953 9.27094 0.0301774 -0.397461 0.0928766
7.88634 0.751953 5.72976 0.0790056 -0.397461 0.0574009
9.74805 0.751953 2.38758e-15 0.0976563 -0.397461 2.39189e-17
10.1353 0.864746 -0 0.107666 -0.387207 -0
8.19959 0.864746 -5.95735 0.0871036 -0.387207 -0.0632845
3.13197 0.864746 -9.6392 0.0332706 -0.387207 -0.102396
-3.13197 0.864746 -9.6392 -0.0332706 -0.387207 -0.102396
-8.19959 0.864746 -5.95735 -0.0871036 -0.387207 -0.0632845
-10.1353 0.864746 -1.24121e-15 -0.107666 -0.387207 -1.31853e-17
-8.19959 0.864746 5.95735 -0.0871036 -0.387207 0.0632845
-3.13197 0.864746 9.6392 -0.0332706 -0.387207 0.102396
3.13197 0.864746 9.6392 0.0332706 -0.387207 0.102396
8.19959 0.864746 5.95735 0.0871036 -0.387207 0.0632845
10.1353 0.864746 2.48242e-15 0.107666 -0.387207 2.63706e-17
10.5117 0.988281 -0 0.118164 -0.376465 -0
8.50416 0.988281 -6.17863 0.0955967 -0.376465 -0.0694551
3.2483 0.988281 -9.99724 0.0365147 -0.376465 -0.112381
-3.2483 0.988281 -9.99724 -0.0365147 -0.376465 -0.112381
-8.50416 0.988281 -6.17863 -0.0955967 -0.376465 -0.0694551
-10.5117 0.988281 -1.28731e-15 -0.118164 -0.376465 -1.44709e-17
-8.50416 0.988281 6.17863 -0.0955967 -0.376465 0.0694551
-3.2483 0.988281 9.99724 -0.0365147 -0.376465 0.112381
3.2483 0.988281 9.99724 0.0365147 -0.376465 0.112381
8.50416 0.988281 6.17863 0.0955967 -0.376465 0.0694551
10.5117 0.988281 2.57463e-15 0.118164 -0.376465 2.89418e-17
10.877 1.12305 -0 0.12915 -0.365234 -0
8.79964 1.12305 -6.39331 0.104485 -0.365234 -0.0759127
3.36116 1.12305 -10.3446 0.0399097 -0.365234 -0.122829
-3.36116 1.12305 -10.3446 -0.0399097 -0.365234 -0.122829
-8.79964 1.12305 -6.39331 -0.104485 -0.365234 -0.0759127
-10.877 1.12305 -1.33204e-15 -0.12915 -0.365234 -1.58164e-17
-8.79964 1.12305 6.39331 -0.104485 -0.365234 0.0759127
-3.36116 1.12305 10.3446 -0.0399097 -0.365234 0.122829
3.36116 1.12305 10.3446 0.0399097 -0.365234 0.122829
8.79964 1.12305 6.39331 0.104485 -0.365234 0.0759127
10.877 1.12305 2.66409e-15 0.12915 -0.365234 3.16327e-17
11.2305 1.26953 -0 0.140625 -0.353516 -0
9.08564 1.26953 -6.6011 0.113768 -0.353516 -0.0826573
3.47041 1.26953 -10.6808 0.0434555 -0.353516 -0.133742
-3.47041 1.26953 -10.6808 -0.0434555 -0.353516 -0.133742
-9.08564 1.26953 -6.6011 -0.113768 -0.353516 -0.0826573
-11.2305 1.26953 -1.37534e-15 -0.140625 -0.353516 -1.72216e-17
-9.08564 1.26953 6.6011 -0.113768 -0.353516 0.0826573
-3.47041 1.26953 10.6808 -0.0434555 -0.353516 0.133742
3.47041 1.26953 10.6808 0.0434555 -0.353516 0.133742
9.08564 1.26953 6.6011 0.113768 -0.353516 0.0826573
11.2305 1.26953 2.75067e-15 0.140625 -0.353516 3.44432e-17
11.5718 1.42822 -0 0.152588 -0.341309 -0
9.36176 1.42822 -6.80172 0.123446 -0.341309 -0.0896889
3.57588 1.42822 -11.0054 0.0471523 -0.341309 -0.14512
-3.57588 1.42822 -11.0054 -0.0471523 -0.341309 -0.14512
-9.36176 1.42822 -6.80172 -0.123446 -0.341309 -0.0896889
-11.5718 1.42822 -1.41713e-15 -0.152588 -0.341309 -1.86866e-17
-9.36176 1.42822 6.80172 -0.123446 -0.341309 0.0896889
-3.57588 1.42822 11.0054 -0.0471523 -0.341309 0.14512
3.57588 1.42822 11.0054 0.0471523 -0.341309 0.14512
9.36176 1.42822 6.80172 0.123446 -0.341309 0.0896889
11.5718 1.42822 2.83427e-15 0.152588 -0.341309 3.73733e-17
11.9004 1.59961 -0 0.165039 -0.328613 -0
9.62762 1.59961 -6.99487 0.133519 -0.328613 -0.0970075
3.67742 1.59961 -11.3179 0.0509999 -0.328613 -0.156961
-3.67742 1.59961 -11.3179 -0.0509999 -0.328613 -0.156961
-9.62762 1.59961 -6.99487 -0.133519 -0.328613 -0.0970075
-11.9004 1.59961 -1.45738e-15 -0.165039 -0.328613 -2.02115e-17
-9.62762 1.59961 6.99487 -0.133519 -0.328613 0.0970075
-3.67742 1.59961 11.3179 -0.0509999 -0.328613 0.156961
3.67742 1.59961 11.3179 0.0509999 -0.328613 0.156961
9.62762 1.59961 6.99487 0.133519 -0.328613 0.0970075
11.9004 1.59961 2.91476e-15 0.165039 -0.328613 4.04229e-17
12.2158 1.78418 -0 0.177979 -0.31543 -0
9.88281 1.78418 -7.18028 0.143988 -0.31543 -0.104613
3.7749 1.78418 -11.6179 0.0549984 -0.31543 -0.169268
-3.7749 1.78418 -11.6179 -0.0549984 -0.31543 -0.169268
-9.88281 1.78418 -7.18028 -0.143988 -0.31543 -0.104613
-12.2158 1.78418 -1.49601e-15 -0.177979 -0.31543 -2.17961e-17
-9.88281 1.78418 7.18028 -0.143988 -0.31543 0.104613
-3.7749 1.78418 11.6179 -0.0549984 -0.31543 0.169268
3.7749 1.78418 11.6179 0.0549984 -0.31543 0.169268
9.88281 1.78418 7.18028 0.143988 -0.31543 0.104613
12.2158 1.78418 2.99201e-15 0.177979 -0.31543 4.35922e-17
12.5176 1.98242 -0 0.191406 -0.301758 -0
10.1269 1.98242 -7.35765 0.154851 -0.301758 -0.112506
3.86814 1.98242 -11.9049 0.0591478 -0.301758 -0.182038
-3.86814 1.98242 -11.9049 -0.0591478 -0.301758 -0.182038
-10.1269 1.98242 -7.35765 -0.154851 -0.301758 -0.112506
-12.5176 1.98242 -1.53296e-15 -0.191406 -0.301758 -2.34405e-17
-10.1269 1.98242 7.35765 -0.154851 -0.301758 0.112506
-3.86814 1.98242 11.9049 -0.0591478 -0.301758 0.182038
3.86814 1.98242 11.9049 0.0591478 -0.301758 0.182038
10.1269 1.98242 7.35765 0.154851 -0.301758 0.112506
12.5176 1.98242 3.06592e-15 0.191406 -0.301758 4.6881e-17
12.8052 2.19482 -0 0.205322 -0.287598 -0
10.3596 2.19482 -7.52669 0.166109 -0.287598 -0.120685
3.95702 2.19482 -12.1784 0.0634481 -0.287598 -0.195273
-3.95702 2.19482 -12.1784 -0.0634481 -0.287598 -0.195273
-10.3596 2.19482 -7.52669 -0.166109 -0.287598 -0.120685
-12.8052 2.19482 -1.56818e-15 -0.205322 -0.287598 -2.51447e-17
-10.3596 2.19482 7.52669 -0.166109 -0.287598 0.120685
-3.95702 2.19482 12.1784 -0.0634481 -0.287598 0.195273
3.95702 2.19482 12.1784 0.0634481 -0.287598 0.195273
10.3596 2.19482 7.52669 0.166109 -0.287598 0.120685
12.8052 2.19482 3.13636e-15 0.205322 -0.287598 5.02895e-17
13.0781 2.42188 -0 0.219727 -0.272949 -0
10.5804 2.42188 -7.68713 0.177763 -0.272949 -0.129152
4.04136 2.42188 -12.438 0.0678992 -0.272949 -0.208972
-4.04136 2.42188 -12.438 -0.0678992 -0.272949 -0.208972
-10.5804 2.42188 -7.68713 -0.177763 -0.272949 -0.129152
-13.0781 2.42188 -1.60161e-15 -0.219727 -0.272949 -2.69087e-17
-10.5804 2.42188 7.68713 -0.177763 -0.272949 0.129152
-4.04136 2.42188 12.438 -0.0678992 -0.272949 0.208972
4.04136 2.42188 12.438 0.0678992 -0.272949 0.208972
10.5804 2.42188 7.68713 0.177763 -0.272949 0.129152
13.0781 2.42188 3.20322e-15 0.219727 -0.272949 5.38175e-17
13.3359 2.66406 -0 0.234619 -0.257813 -0
10.789 2.66406 -7.83867 0.189811 -0.257813 -0.137906
4.12103 2.66406 -12.6832 0.0725013 -0.257813 -0.223136
-4.12103 2.66406 -12.6832 -0.0725013 -0.257813 -0.223136
-10.789 2.66406 -7.83867 -0.189811 -0.257813 -0.137906
-13.3359 2.66406 -1.63318e-15 -0.234619 -0.257813 -2.87326e-17
-10.789 2.66406 7.83867 -0.189811 -0.257813 0.137906
-4.12103 2.66406 12.6832 -0.0725013 -0.257813 0.223136
4.12103 2.66406 12.6832 0.0725013 -0.257813 0.223136
10.789 2.66406 7.83867 0.189811 -0.257813 0.137906
13.3359 2.66406 3.26636e-15 0.234619 -0.257813 5.74651e-17
13.5781 2.92188 -0 0.25 -0.242188 -0
10.9849 2.92188 -7.98102 0.202254 -0.242188 -0.146946
4.19587 2.92188 -12.9136 0.0772543 -0.242188 -0.237764
-4.19587 2.92188 -12.9136 -0.0772543 -0.242188 -0.237764
-10.9849 2.92188 -7.98102 -0.202254 -0.242188 -0.146946
-13.5781 2.92188 -1.66284e-15 -0.25 -0.242188 -3.06162e-17
-10.9849 2.92188 7.98102 -0.202254 -0.242188 0.146946
-4.19587 2.92188 12.9136 -0.0772543 -0.242188 0.237764
4.19587 2.92188 12.9136 0.0772543 -0.242188 0.237764
10.9849 2.92188 7.98102 0.202254 -0.242188 0.146946
13.5781 2.92188 3.32568e-15 0.25 -0.242188 6.12323e-17
13.8047 3.19434 -0 0.265137 -0.226563 -0
11.1682 3.19434 -8.11419 0.2145 -0.226563 -0.155843
4.26588 3.19434 -13.129 0.0819318 -0.226563 -0.25216
-4.26588 3.19434 -13.129 -0.0819318 -0.226563 -0.25216
-11.1682 3.19434 -8.11419 -0.2145 -0.226563 -0.155843
-13.8047 3.19434 -1.69059e-15 -0.265137 -0.226563 -3.24699e-17
-11.1682 3.19434 8.11419 -0.2145 -0.226563 0.155843
-4.26588 3.19434 13.129 -0.0819318 -0.226563 0.25216
4.26588 3.19434 13.129 0.0819318 -0.226563 0.25216
11.1682 3.19434 8.11419 0.2145 -0.226563 0.155843
13.8047 3.19434 3.38117e-15 0.265137 -0.226563 6.49398e-17
14.0156 3.48047 -0 0.279297 -0.210938 -0
11.3389 3.48047 -8.23818 0.225956 -0.210938 -0.164167
4.33107 3.48047 -13.3297 0.0863075 -0.210938 -0.265627
-4.33107 3.48047 -13.3297 -0.0863075 -0.210938 -0.265627
-11.3389 3.48047 -8.23818 -0.225956 -0.210938 -0.164167
-14.0156 3.48047 -1.71642e-15 -0.279297 -0.210938 -3.4204e-17
-11.3389 3.48047 8.23818 -0.225956 -0.210938 0.164167
-4.33107 3.48047 13.3297 -0.0863075 -0.210938 0.265627
4.33107 3.48047 13.3297 0.0863075 -0.210938 0.265627
11.3389 3.48047 8.23818 0.225956 -0.210938 0.164167
14.0156 3.48047 3.43284e-15 0.279297 -0.210938 6.8408e-17
14.2109 3.7793 -0 0.29248 -0.195313 -0
11.4969 3.7793 -8.35298 0.236622 -0.195313 -0.171916
4.39142 3.7793 -13.5154 0.0903814 -0.195313 -0.278165
-4.39142 3.7793 -13.5154 -0.0903814 -0.195313 -0.278165
-11.4969 3.7793 -8.35298 -0.236622 -0.195313 -0.171916
-14.2109 3.7793 -1.74034e-15 -0.29248 -0.195313 -3.58185e-17
-11.4969 3.7793 8.35298 -0.236622 -0.195313 0.171916
-4.39142 3.7793 13.5154 -0.0903814 -0.195313 0.278165
4.39142 3.7793 13.5154 0.0903814 -0.195313 0.278165
11.4969 3.7793 8.35298 0.236622 -0.195313 0.171916
14.2109 3.7793 3.48068e-15 0.29248 -0.195313 7.16371e-17
14.3906 4.08984 -0 0.304688 -0.179688 -0
11.6423 4.08984 -8.4586 0.246497 -0.179688 -0.179091
4.44695 4.08984 -13.6863 0.0941536 -0.179688 -0.289775
-4.44695 4.08984 -13.6863 -0.0941536 -0.179688 -0.289775
-11.6423 4.08984 -8.4586 -0.246497 -0.179688 -0.179091
-14.3906 4.08984 -1.76234e-15 -0.304688 -0.179688 -3.73135e-17
-11.6423 4.08984 8.4586 -0.246497 -0.179688 0.179091
-4.44695 4.08984 13.6863 -0.0941536 -0.179688 0.289775
4.44695 4.08984 13.6863 0.0941536 -0.179688 0.289775
11.6423 4.08984 8.4586 0.246497 -0.179688 0.179091
14.3906 4.08984 3.52469e-15 0.304688 -0.179688 7.46269e-17
14.5547 4.41113 -0 0.315918 -0.164063 -0
11.775 4.41113 -8.55503 0.255583 -0.164063 -0.185692
4.49765 4.41113 -13.8423 0.097624 -0.164063 -0.300456
-4.49765 4.41113 -13.8423 -0.097624 -0.164063 -0.300456
-11.775 4.41113 -8.55503 -0.255583 -0.164063 -0.185692
-14.5547 4.41113 -1.78244e-15 -0.315918 -0.164063 -3.86888e-17
-11.775 4.41113 8.55503 -0.255583 -0.164063 0.185692
-4.49765 4.41113 13.8423 -0.097624 -0.164063 0.300456
4.49765 4.41113 13.8423 0.097624 -0.164063 0.300456
11.775 4.41113 8.55503 0.255583 -0.164063 0.185692
14.5547 4.41113 3.56487e-15 0.315918 -0.164063 7.73776e-17
14.7031 4.74219 -0 0.326172 -0.148438 -0
11.8951 4.74219 -8.64228 0.263879 -0.148438 -0.191719
4.54352 4.74219 -13.9835 0.100793 -0.148438 -0.310208
-4.54352 4.74219 -13.9835 -0.100793 -0.148438 -0.310208
-11.8951 4.74219 -8.64228 -0.263879 -0.148438 -0.191719
-14.7031 4.74219 -1.80061e-15 -0.326172 -0.148438 -3.99445e-17
-11.8951 4.74219 8.64228 -0.263879 -0.148438 0.191719
-4.54352 4.74219 13.9835 -0.100793 -0.148438 0.310208
4.54352 4.74219 13.9835 0.100793 -0.148438 0.310208
11.8951 4.74219 8.64228 0.263879 -0.148438 0.191719
14.7031 4.74219 3.60123e-15 0.326172 -0.148438 7.98891e-17
14.8359 5.08203 -0 0.335449 -0.132813 -0
12.0025 5.08203 -8.72035 0.271384 -0.132813 -0.197172
4.58456 5.08203 -14.1098 0.10366 -0.132813 -0.319031
-4.58456 5.08203 -14.1098 -0.10366 -0.132813 -0.319031
-12.0025 5.08203 -8.72035 -0.271384 -0.132813 -0.197172
-14.8359 5.08203 -1.81688e-15 -0.335449 -0.132813 -4.10807e-17
-12.0025 5.08203 8.72035 -0.271384 -0.132813 0.197172
-4.58456 5.08203 14.1098 -0.10366 -0.132813 0.319031
4.58456 5.08203 14.1098 0.10366 -0.132813 0.319031
12.0025 5.08203 8.72035 0.271384 -0.132813 0.197172
14.8359 5.08203 3.63376e-15 0.335449 -0.132813 8.21614e-17
14.9531 5.42969 -0 0.34375 -0.117188 -0
12.0973 5.42969 -8.78923 0.2781 -0.117188 -0.202051
4.62077 5.42969 -14.2213 0.106225 -0.117188 -0.326926
-4.62077 5.42969 -14.2213 -0.106225 -0.117188 -0.326926
-12.0973 5.42969 -8.78923 -0.2781 -0.117188 -0.202051
-14.9531 5.42969 -1.83123e-15 -0.34375 -0.117188 -4.20972e-17
-12.0973 5.42969 8.78923 -0.2781 -0.117188 0.202051
-4.62077 5.42969 14.2213 -0.106225 -0.117188 0.326926
4.62077 5.42969 14.2213 0.106225 -0.117188 0.326926
12.0973 5.42969 8.78923 0.2781 -0.117188 0.202051
14.9531 5.42969 3.66246e-15 0.34375 -0.117188 8.41945e-17
15.0547 5.78418 -0 0.351074 -0.101563 -0
12.1795 5.78418 -8.84892 0.284025 -0.101563 -0.206356
4.65215 5.78418 -14.3179 0.108488 -0.101563 -0.333891
-4.65215 5.78418 -14.3179 -0.108488 -0.101563 -0.333891
-12.1795 5.78418 -8.84892 -0.284025 -0.101563 -0.206356
-15.0547 5.78418 -1.84367e-15 -0.351074 -0.101563 -4.29942e-17
-12.1795 5.78418 8.84892 -0.284025 -0.101563 0.206356
-4.65215 5.78418 14.3179 -0.108488 -0.101563 0.333891
4.65215 5.78418 14.3179 0.108488 -0.101563 0.333891
12.1795 5.78418 8.84892 0.284025 -0.101563 0.206356
15.0547 5.78418 3.68734e-15 0.351074 -0.101563 8.59884e-17
15.1406 6.14453 -0 0.357422 -0.0859375 -0
12.249 6.14453 -8.89944 0.28916 -0.0859375 -0.210087
4.67871 6.14453 -14.3996 0.110449 -0.0859375 -0.339928
-4.67871 6.14453 -14.3996 -0.110449 -0.0859375 -0.339928
-12.249 6.14453 -8.89944 -0.28916 -0.0859375 -0.210087
-15.1406 6.14453 -1.85419e-15 -0.357422 -0.0859375 -4.37716e-17
-12.249 6.14453 8.89944 -0.28916 -0.0859375 0.210087
-4.67871 6.14453 14.3996 -0.110449 -0.0859375 0.339928
4.67871 6.14453 14.3996 0.110449 -0.0859375 0.339928
12.249 6.14453 8.89944 0.28916 -0.0859375 0.210087
15.1406 6.14453 3.70838e-15 0.357422 -0.0859375 8.75431e-17
15.2109 6.50977 -0 0.362793 -0.0703125 -0
12.3059 6.50977 -8.94076 0.293506 -0.0703125 -0.213244
4.70044 6.50977 -14.4665 0.112109 -0.0703125 -0.345037
-4.70044 6.50977 -14.4665 -0.112109 -0.0703125 -0.345037
-12.3059 6.50977 -8.94076 -0.293506 -0.0703125 -0.213244
-15.2109 6.50977 -1.8628e-15 -0.362793 -0.0703125 -4.44293e-17
-12.3059 6.50977 8.94076 -0.293506 -0.0703125 0.213244
-4.70044 6.50977 14.4665 -0.112109 -0.0703125 0.345037
4.70044 6.50977 14.4665 0.112109 -0.0703125 0.345037
12.3059 6.50977 8.94076 0.293506 -0.0703125 0.213244
15.2109 6.50977 3.72561e-15 0.362793 -0.0703125 8.88586e-17
15.2656 6.87891 -0 0.367188 -0.0546875 -0
12.3502 6.87891 -8.97291 0.297061 -0.0546875 -0.215827
4.71734 6.87891 -14.5185 0.113467 -0.0546875 -0.349216
-4.71734 6.87891 -14.5185 -0.113467 -0.0546875 -0.349216
-12.3502 6.87891 -8.97291 -0.297061 -0.0546875 -0.215827
-15.2656 6.87891 -1.8695e-15 -0.367188 -0.0546875 -4.49675e-17
-12.3502 6.87891 8.97291 -0.297061 -0.0546875 0.215827
-4.71734 6.87891 14.5185 -0.113467 -0.0546875 0.349216
4.71734 6.87891 14.5185 0.113467 -0.0546875 0.349216
12.3502 6.87891 8.97291 0.297061 -0.0546875 0.215827
15.2656 6.87891 3.739e-15 0.367188 -0.0546875 8.9935e-17
15.3047 7.25098 -0 0.370605 -0.0390625 -0
12.3818 7.25098 -8.99587 0.299826 -0.0390625 -0.217836
4.72941 7.25098 -14.5556 0.114523 -0.0390625 -0.352467
-4.72941 7.25098 -14.5556 -0.114523 -0.0390625 -0.352467
-12.3818 7.25098 -8.99587 -0.299826 -0.0390625 -0.217836
-15.3047 7.25098 -1.87428e-15 -0.370605 -0.0390625 -4.53861e-17
-12.3818 7.25098 8.99587 -0.299826 -0.0390625 0.217836
-4.72941 7.25098 14.5556 -0.114523 -0.0390625 0.352467
4.72941 7.25098 14.5556 0.114523 -0.0390625 0.352467
12.3818 7.25098 8.99587 0.299826 -0.0390625 0.217836
15.3047 7.25098 3.74857e-15 0.370605 -0.0390625 9.07722e-17
15.3281 7.625 -0 0.373047 -0.0234375 -0
12.4007 7.625 -9.00965 0.301801 -0.0234375 -0.219271
4.73665 7.625 -14.5779 0.115278 -0.0234375 -0.354789
-4.73665 7.625 -14.5779 -0.115278 -0.0234375 -0.354789
-12.4007 7.625 -9.00965 -0.301801 -0.0234375 -0.219271
-15.3281 7.625 -1.87715e-15 -0.373047 -0.0234375 -4.56851e-17
-12.4007 7.625 9.00965 -0.301801 -0.0234375 0.219271
-4.73665 7.625 14.5779 -0.115278 -0.0234375 0.354789
4.73665 7.625 14.5779 0.115278 -0.0234375 0.354789
12.4007 7.625 9.00965 0.301801 -0.0234375 0.219271
15.3281 7.625 3.75431e-15 0.373047 -0.0234375 9.13701e-17
15.3359 8 -0 0.374512 -0.0078125 -0
12.407 8 -9.01424 0.302986 -0.0078125 -0.220132
4.73907 8 -14.5853 0.11573 -0.0078125 -0.356182
-4.73907 8 -14.5853 -0.11573 -0.0078125 -0.356182
-12.407 8 -9.01424 -0.302986 -0.0078125 -0.220132
-15.3359 8 -1.87811e-15 -0.374512 -0.0078125 -4.58645e-17
-12.407 8 9.01424 -0.302986 -0.0078125 0.220132
-4.73907 8 14.5853 -0.11573 -0.0078125 0.356182
4.73907 8 14.5853 0.11573 -0.0078125 0.356182
12.407 8 9.01424 0.302986 -0.0078125 0.220132
15.3359 8 3.75622e-15 0.374512 -0.0078125 9.17289e-17
15.3281 8.375 -0 0.375 0.0078125 -0
12.4007 8.375 -9.00965 0.303381 0.0078125 -0.220419
4.73665 8.375 -14.5779 0.115881 0.0078125 -0.356646
-4.73665 8.375 -14.5779 -0.115881 0.0078125 -0.356646
-12.4007 8.375 -9.00965 -0.303381 0.0078125 -0.220419
-15.3281 8.375 -1.87715e-15 -0.375 0.0078125 -4.59243e-17
-12.4007 8.375 9.00965 -0.303381 0.0078125 0.220419
-4.73665 8.375 14.5779 -0.115881 0.0078125 0.356646
4.73665 8.375 14.5779 0.115881 0.0078125 0.356646
12.4007 8.375 9.00965 0.303381 0.0078125 0.220419
15.3281 8.375 3.75431e-15 0.375 0.0078125 9.18485e-17
15.3047 8.74902 -0 0.374512 0.0234375 -0
12.3818 8.74902 -8.99587 0.302986 0.0234375 -0.220132
4.72941 8.74902 -14.5556 0.11573 0.0234375 -0.356182
-4.72941 8.74902 -14.5556 -0.11573 0.0234375 -0.356182
-12.3818 8.74902 -8.99587 -0.302986 0.0234375 -0.220132
-15.3047 8.74902 -1.87428e-15 -0.374512 0.0234375 -4.58645e-17
-12.3818 8.74902 8.99587 -0.302986 0.0234375 0.220132
-4.72941 8.74902 14.5556 -0.11573 0.0234375 0.356182
4.72941 8.74902 14.5556 0.11573 0.0234375 0.356182
12.3818 8.74902 8.99587 0.302986 0.0234375 0.220132
15.3047 8.74902 3.74857e-15 0.374512 0.0234375 9.17289e-17
15.2656 9.12109 -0 0.373047 0.0390625 -0
12.3502 9.12109 -8.97291 0.301801 0.0390625 -0.219271
4.71734 9.12109 -14.5185 0.115278 0.0390625 -0.354789
-4.71734 9.12109 -14.5185 -0.115278 0.0390625 -0.354789
-12.3502 9.12109 -8.97291 -0.301801 0.0390625 -0.219271
-15.2656 9.12109 -1.8695e-15 -0.373047 0.0390625 -4.56851e-17
-12.3502 9.12109 8.97291 -0.301801 0.0390625 0.219271
-4.71734 9.12109 14.5185 -0.115278 0.0390625 0.354789
4.71734 9.12109 14.5185 0.115278 0.0390625 0.354789
12.3502 9.12109 8.97291 0.301801 0.0390625 0.219271
15.2656 9.12109 3.739e-15 0.373047 0.0390625 9.13701e-17
15.2109 9.49023 -0 0.370605 0.0546875 -0
12.3059 9.49023 -8.94076 0.299826 0.0546875 -0.217836
4.70044 9.49023 -14.4665 0.114523 0.0546875 -0.352467
-4.70044 9.49023 -14.4665 -0.114523 0.0546875 -0.352467
-12.3059 9.49023 -8.94076 -0.299826 0.0546875 -0.217836
-15.2109 9.49023 -1.8628e-15 -0.370605 0.0546875 -4.53861e-17
-12.3059 9.49023 8.94076 -0.299826 0.0546875 0.217836
-4.70044 9.49023 14.4665 -0.114523 0.0546875 0.352467
4.70044 9.49023 14.4665 0.114523 0.0546875 0.352467
12.3059 9.49023 8.94076 0.299826 0.0546875 0.217836
15.2109 9.49023 3.72561e-15 0.370605 0.0546875 9.07722e-17
15.1406 9.85547 -0 0.367188 0.0703125 -0
12.249 9.85547 -8.89944 0.297061 0.0703125 -0.215827
4.67871 9.85547 -14.3996 0.113467 0.0703125 -0.349216
-4.67871 9.85547 -14.3996 -0.113467 0.0703125 -0.349216
-12.249 9.85547 -8.89944 -0.297061 0.0703125 -0.215827
-15.1406 9.85547 -1.85419e-15 -0.367188 0.0703125 -4.49675e-17
-12.249 9.85547 8.89944 -0.297061 0.0703125 0.215827
-4.67871 9.85547 14.3996 -0.113467 0.0703125 0.349216
4.67871 9.85547 14.3996 0.113467 0.0703125 0.349216
12.249 9.85547 8.89944 0.297061 0.0703125 0.215827
15.1406 9.85547 3.70838e-15 0.367188 0.0703125 8.9935e-17
15.0547 10.2158 -0 0.362793 0.0859375 -0
12.1795 10.2158 -8.84892 0.293506 0.0859375 -0.213244
4.65215 10.2158 -14.3179 0.112109 0.0859375 -0.345037
-4.65215 10.2158 -14.3179 -0.112109 0.0859375 -0.345037
-12.1795 10.2158 -8.84892 -0.293506 0.0859375 -0.213244
-15.0547 10.2158 -1.84367e-15 -0.362793 0.0859375 -4.44293e-17
-12.1795 10.2158 8.84892 -0.293506 0.0859375 0.213244
-4.65215 10.2158 14.3179 -0.112109 0.0859375 0.345037
4.65215 10.2158 14.3179 0.112109 0.0859375 0.345037
12.1795 10.2158 8.84892 0.293506 0.0859375 0.213244
15.0547 10.2158 3.68734e-15 0.362793 0.0859375 8.88586e-17
14.9531 10.5703 -0 0.357422 0.101563 -0
12.0973 10.5703 -8.78923 0.28916 0.101563 -0.210087
4.62077 10.5703 -14.2213 0.110449 0.101563 -0.339928
-4.62077 10.5703 -14.2213 -0.110449 0.101563 -0.339928
-12.0973 10.5703 -8.78923 -0.28916 0.101563 -0.210087
-14.9531 10.5703 -1.83123e-15 -0.357422 0.101563 -4.37716e-17
-12.0973 10.5703 8.78923 -0.28916 0.101563 0.210087
-4.62077 10.5703 14.2213 -0.110449 0.101563 0.339928
4.62077 10.5703 14.2213 0.110449 0.101563 0.339928
12.0973 10.5703 8.78923 0.28916 0.101563 0.210087
14.9531 10.5703 3.66246e-15 0.357422 0.101563 8.75431e-17
14.8359 10.918 -0 0.351074 0.117188 -0
12.0025 10.918 -8.72035 0.284025 0.117188 -0.206356
4.58456 10.918 -14.1098 0.108488 0.117188 -0.333891
-4.58456 10.918 -14.1098 -0.108488 0.117188 -0.333891
-12.0025 10.918 -8.72035 -0.284025 0.117188 -0.206356
-14.8359 10.918 -1.81688e-15 -0.351074 0.117188 -4.29942e-17
-12.0025 10.918 8.72035 -0.284025 0.117188 0.206356
-4.58456 10.918 14.1098 -0.108488 0.117188 0.333891
4.58456 10.918 14.1098 0.108488 0.117188 0.333891
12.0025 10.918 8.72035 0.284025 0.117188 0.206356
14.8359 10.918 3.63376e-15 0.351074 0.117188 8.59884e-17
14.7031 11.2578 -0 0.34375 0.132813 -0
11.8951 11.2578 -8.64228 0.2781 0.132813 -0.202051
4.54352 11.2578 -13.9835 0.106225 0.132813 -0.326926
-4.54352 11.2578 -13.9835 -0.106225 0.132813 -0.326926
-11.8951 11.2578 -8.64228 -0.2781 0.132813 -0.202051
-14.7031 11.2578 -1.80061e-15 -0.34375 0.132813 -4.20972e-17
-11.8951 11.2578 8.64228 -0.2781 0.132813 0.202051
-4.54352 11.2578 13.9835 -0.106225 0.132813 0.326926
4.54352 11.2578 13.9835 0.106225 0.132813 0.326926
11.8951 11.2578 8.64228 0.2781 0.132813 0.202051
14.7031 11.2578 3.60123e-15 0.34375 0.132813 8.41945e-17
14.5547 11.5889 -0 0.335449 0.148438 -0
11.775 11.5889 -8.55503 0.271384 0.148438 -0.197172
4.49765 11.5889 -13.8423 0.10366 0.148438 -0.319031
-4.49765 11.5889 -13.8423 -0.10366 0.148438 -0.319031
-11.775 11.5889 -8.55503 -0.271384 0.148438 -0.197172
-14.5547 11.5889 -1.78244e-15 -0.335449 0.148438 -4.10807e-17
-11.775 11.5889 8.55503 -0.271384 0.148438 0.197172
-4.49765 11.5889 13.8423 -0.10366 0.148438 0.319031
4.49765 11.5889 13.8423 0.10366 0.148438 0.319031
11.775 11.5889 8.55503 0.271384 0.148438 0.197172
14.5547 11.5889 3.56487e-15 0.335449 0.148438 8.21614e-17
14.3906 11.9102 -0 0.326172 0.164063 -0
11.6423 11.9102 -8.4586 0.263879 0.164063 -0.191719
4.44695 11.9102 -13.6863 0.100793 0.164063 -0.310208
-4.44695 11.9102 -13.6863 -0.100793 0.164063 -0.310208
-11.6423 11.9102 -8.4586 -0.263879 0.164063 -0.191719
-14.3906 11.9102 -1.76234e-15 -0.326172 0.164063 -3.99445e-17
-11.6423 11.9102 8.4586 -0.263879 0.164063 0.191719
-4.44695 11.9102 13.6863 -0.100793 0.164063 0.310208
4.44695 11.9102 13.6863 0.100793 0.164063 0.310208
11.6423 11.9102 8.4586 0.263879 0.164063 0.191719
14.3906 11.9102 3.52469e-15 0.326172 0.164063 7.98891e-17
14.2109 12.2207 -0 0.315918 0.179688 -0
11.4969 12.2207 -8.35298 0.255583 0.179688 -0.185692
4.39142 12.2207 -13.5154 0.097624 0.179688 -0.300456
-4.39142 12.2207 -13.5154 -0.097624 0.179688 -0.300456
-11.4969 12.2207 -8.35298 -0.255583 0.179688 -0.185692
-14.2109 12.2207 -1.74034e-15 -0.315918 0.179688 -3.86888e-17
-11.4969 12.2207 8.35298 -0.255583 0.179688 0.185692
-4.39142 12.2207 13.5154 -0.097624 0.179688 0.300456
4.39142 12.2207 13.5154 0.097624 0.179688 0.300456
11.4969 12.2207 8.35298 0.255583 0.179688 0.185692
14.2109 12.2207 3.48068e-15 0.315918 0.179688 7.73776e-17
14.0156 12.5195 -0 0.304688 0.195313 -0
11.3389 12.5195 -8.23818 0.246497 0.195313 -0.179091
4.33107 12.5195 -13.3297 0.0941536 0.195313 -0.289775
-4.33107 12.5195 -13.3297 -0.0941536 0.195313 -0.289775
-11.3389 12.5195 -8.23818 -0.246497 0.195313 -0.179091
-14.0156 12.5195 -1.71642e-15 -0.304688 0.195313 -3.73135e-17
-11.3389 12.5195 8.23818 -0.246497 0.195313 0.179091
-4.33107 12.5195 13.3297 -0.0941536 0.195313 0.289775
4.33107 12.5195 13.3297 0.0941536 0.195313 0.289775
11.3389 12.5195 8.23818 0.246497 0.195313 0.179091
14.0156 12.5195 3.43284e-15 0.304688 0.195313 7.46269e-17
13.8047 12.8057 -0 0.29248 0.210938 -0
11.1682 12.8057 -8.11419 0.236622 0.210938 -0.171916
4.26588 12.8057 -13.129 0.0903814 0.210938 -0.278165
-4.26588 12.8057 -13.129 -0.0903814 0.210938 -0.278165
-11.1682 12.8057 -8.11419 -0.236622 0.210938 -0.171916
-13.8047 12.8057 -1.69059e-15 -0.29248 0.210938 -3.58185e-17
-11.1682 12.8057 8.11419 -0.236622 0.210938 0.171916
-4.26588 12.8057 13.129 -0.0903814 0.210938 0.278165
4.26588 12.8057 13.129 0.0903814 0.210938 0.278165
11.1682 12.8057 8.11419 0.236622 0.210938 0.171916
13.8047 12.8057 3.38117e-15 0.29248 0.210938 7.16371e-17
13.5781 13.0781 -0 0.279297 0.226563 -0
10.9849 13.0781 -7.98102 0.225956 0.226563 -0.164167
4.19587 13.0781 -12.9136 0.0863075 0.226563 -0.265627
-4.19587 13.0781 -12.9136 -0.0863075 0.226563 -0.265627
-10.9849 13.0781 -7.98102 -0.225956 0.226563 -0.164167
-13.5781 13.0781 -1.66284e-15 -0.279297 0.226563 -3.4204e-17
-10.9849 13.0781 7.98102 -0.225956 0.226563 0.164167
-4.19587 13.0781 12.9136 -0.0863075 0.226563 0.265627
4.19587 13.0781 12.9136 0.0863075 0.226563 0.265627
10.9849 13.0781 7.98102 0.225956 0.226563 0.164167
13.5781 13.0781 3.32568e-15 0.279297 0.226563 6.8408e-17
13.3359 13.3359 -0 0.265137 0.242188 -0
10.789 13.3359 -7.83867 0.2145 0.242188 -0.155843
4.12103 13.3359 -12.6832 0.0819318 0.242188 -0.25216
-4.12103 13.3359 -12.6832 -0.0819318 0.242188 -0.25216
-10.789 13.3359 -7.83867 -0.2145 0.242188 -0.155843
-13.3359 13.3359 -1.63318e-15 -0.265137 0.242188 -3.24699e-17
-10.789 13.3359 7.83867 -0.2145 0.242188 0.155843
-4.12103 13.3359 12.6832 -0.0819318 0.242188 0.25216
4.12103 13.3359 12.6832 0.0819318 0.242188 0.25216
10.789 13.3359 7.83867 0.2145 0.242188 0.155843
13.3359 13.3359 3.26636e-15 0.265137 0.242188 6.49398e-17
13.0781 13.5781 -0 0.25 0.257813 -0
10.5804 13.5781 -7.68713 0.202254 0.257813 -0.146946
4.04136 13.5781 -12.438 0.0772543 0.257813 -0.237764
-4.04136 13.5781 -12.438 -0.0772543 0.257813 -0.237764
-10.5804 13.5781 -7.68713 -0.202254 0.257813 -0.146946
-13.0781 13.5781 -1.60161e-15 -0.25 0.257813 -3.06162e-17
-10.5804 13.5781 7.68713 -0.202254 0.257813 0.146946
-4.04136 13.5781 12.438 -0.0772543 0.257813 0.237764
4.04136 13.5781 12.438 0.0772543 0.257813 0.237764
10.5804 13.5781 7.68713 0.202254 0.257813 0.146946
13.0781 13.5781 3.20322e-15 0.25 0.257813 6.12323e-17
12.8052 13.8052 -0 0.234619 0.272949 -0
10.3596 13.8052 -7.52669 0.189811 0.272949 -0.137906
3.95702 13.8052 -12.1784 0.0725013 0.272949 -0.223136
-3.95702 13.8052 -12.1784 -0.0725013 0.272949 -0.223136
-10.3596 13.8052 -7.52669 -0.189811 0.272949 -0.137906
-12.8052 13.8052 -1.56818e-15 -0.234619 0.272949 -2.87326e-17
-10.3596 13.8052 7.52669 -0.189811 0.272949 0.137906
-3.95702 13.8052 12.1784 -0.0725013 0.272949 0.223136
3.95702 13.8052 12.1784 0.0725013 0.272949 0.223136
10.3596 13.8052 7.52669 0.189811 0.272949 0.137906
12.8052 13.8052 3.13636e-15 0.234619 0.272949 5.74651e-17
12.5176 14.0176 -0 0.219727 0.287598 -0
10.1269 14.0176 -7.35765 0.177763 0.287598 -0.129152
3.86814 14.0176 -11.9049 0.0678992 0.287598 -0.208972
-3.86814 14.0176 -11.9049 -0.0678992 0.287598 -0.208972
-10.1269 14.0176 -7.35765 -0.177763 0.287598 -0.129152
-12.5176 14.0176 -1.53296e-15 -0.219727 0.287598 -2.69087e-17
-10.1269 14.0176 7.35765 -0.177763 0.287598 0.129152
-3.86814 14.0176 11.9049 -0.0678992 0.287598 0.208972
3.86814 14.0176 11.9049 0.0678992 0.287598 0.208972
10.1269 14.0176 7.35765 0.177763 0.287598 0.129152
12.5176 14.0176 3.06592e-15 0.219727 0.287598 5.38175e-17
12.2158 14.2158 -0 0.205322 0.301758 -0
9.88281 14.2158 -7.18028 0.166109 0.301758 -0.120685
3.7749 14.2158 -11.6179 0.0634481 0.301758 -0.195273
-3.7749 14.2158 -11.6179 -0.0634481 0.301758 -0.195273
-9.88281 14.2158 -7.18028 -0.166109 0.301758 -0.120685
-12.2158 14.2158 -1.49601e-15 -0.205322 0.301758 -2.51447e-17
-9.88281 14.2158 7.18028 -0.166109 0.301758 0.120685
-3.7749 14.2158 11.6179 -0.0634481 0.301758 0.195273
3.7749 14.2158 11.6179 0.0634481 0.301758 0.195273
9.88281 14.2158 7.18028 0.166109 0.301758 0.120685
12.2158 14.2158 2.99201e-15 0.205322 0.301758 5.02895e-17
11.9004 14.4004 -0 0.191406 0.31543 -0
9.62762 14.4004 -6.99487 0.154851 0.31543 -0.112506
3.67742 14.4004 -11.3179 0.0591478 0.31543 -0.182038
-3.67742 14.4004 -11.3179 -0.0591478 0.31543 -0.182038
-9.62762 14.4004 -6.99487 -0.154851 0.31543 -0.112506
-11.9004 14.4004 -1.45738e-15 -0.191406 0.31543 -2.34405e-17
-9.62762 14.4004 6.99487 -0.154851 0.31543 0.112506
-3.67742 14.4004 11.3179 -0.0591478 0.31543 0.182038
3.67742 14.4004 11.3179 0.0591478 0.31543 0.182038
9.62762 14.4004 6.99487 0.154851 0.31543 0.112506
11.9004 14.4004 2.91476e-15 0.191406 0.31543 4.6881e-17
11.5718 14.5718 -0 0.177979 0.328613 -0
9.36176 14.5718 -6.80172 0.143988 0.328613 -0.104613
3.57588 14.5718 -11.0054 0.0549984 0.328613 -0.169268
-3.57588 14.5718 -11.0054 -0.0549984 0.328613 -0.169268
-9.36176 14.5718 -6.80172 -0.143988 0.328613 -0.104613
-11.5718 14.5718 -1.41713e-15 -0.177979 0.328613 -2.17961e-17
-9.36176 14.5718 6.80172 -0.143988 0.328613 0.104613
-3.57588 14.5718 11.0054 -0.0549984 0.328613 0.169268
3.57588 14.5718 11.0054 0.0549984 0.328613 0.169268
9.36176 14.5718 6.80172 0.143988 0.328613 0.104613
11.5718 14.5718 2.83427e-15 0.177979 0.328613 4.35922e-17
11.2305 14.7305 -0 0.165039 0.341309 -0
9.08564 14.7305 -6.6011 0.133519 0.341309 -0.0970075
3.47041 14.7305 -10.6808 0.0509999 0.341309 -0.156961
-3.47041 14.7305 -10.6808 -0.0509999 0.341309 -0.156961
-9.08564 14.7305 -6.6011 -0.133519 0.341309 -0.0970075
-11.2305 14.7305 -1.37534e-15 -0.165039 0.341309 -2.02115e-17
-9.08564 14.7305 6.6011 -0.133519 0.341309 0.0970075
-3.47041 14.7305 10.6808 -0.0509999 0.341309 0.156961
3.47041 14.7305 10.6808 0.0509999 0.341309 0.156961
9.08564 14.7305 6.6011 0.133519 0.341309 0.0970075
11.2305 14.7305 2.75067e-15 0.165039 0.341309 4.04229e-17
10.877 14.877 -0 0.152588 0.353516 -0
8.79964 14.877 -6.39331 0.123446 0.353516 -0.0896889
3.36116 14.877 -10.3446 0.0471523 0.353516 -0.14512
-3.36116 14.877 -10.3446 -0.0471523 0.353516 -0.14512
-8.79964 14.877 -6.39331 -0.123446 0.353516 -0.0896889
-10.877 14.877 -1.33204e-15 -0.152588 0.353516 -1.86866e-17
-8.79964 14.877 6.39331 -0.123446 0.353516 0.0896889
-3.36116 14.877 10.3446 -0.0471523 0.353516 0.14512
3.36116 14.877 10.3446 0.0471523 0.353516 0.14512
8.79964 14.877 6.39331 0.123446 0.353516 0.0896889
10.877 14.877 2.66409e-15 0.152588 0.353516 3.73733e-17
10.5117 15.0117 -0 0.140625 0.365234 -0
8.50416 15.0117 -6.17863 0.113768 0.365234 -0.0826573
3.2483 15.0117 -9.99724 0.0434555 0.365234 -0.133742
-3.2483 15.0117 -9.99724 -0.0434555 0.365234 -0.133742
-8.50416 15.0117 -6.17863 -0.113768 0.365234 -0.0826573
-10.5117 15.0117 -1.28731e-15 -0.140625 0.365234 -1.72216e-17
-8.50416 15.0117 6.17863 -0.113768 0.365234 0.0826573
-3.2483 15.0117 9.99724 -0.0434555 0.365234 0.133742
3.2483 15.0117 9.99724 0.0434555 0.365234 0.133742
8.50416 15.0117 6.17863 0.113768 0.365234 0.0826573
10.5117 15.0117 2.57463e-15 0.140625 0.365234 3.44432e-17
10.1353 15.1353 -0 0.12915 0.376465 -0
8.19959 15.1353 -5.95735 0.104485 0.376465 -0.0759127
3.13197 15.1353 -9.6392 0.0399097 0.376465 -0.122829
-3.13197 15.1353 -9.6392 -0.0399097 0.376465 -0.122829
-8.19959 15.1353 -5.95735 -0.104485 0.376465 -0.0759127
-10.1353 15.1353 -1.24121e-15 -0.12915 0.376465 -1.58164e-17
-8.19959 15.1353 5.95735 -0.104485 0.376465 0.0759127
-3.13197 15.1353 9.6392 -0.0399097 0.376465 0.122829
3.13197 15.1353 9.6392 0.0399097 0.376465 0.122829
8.19959 15.1353 5.95735 0.104485 0.376465 0.0759127
10.1353 15.1353 2.48242e-15 0.12915 0.376465 3.16327e-17
9.74805 15.248 -0 0.118164 0.387207 -0
7.88634 15.248 -5.72976 0.0955967 0.387207 -0.0694551
3.01231 15.248 -9.27094 0.0365147 0.387207 -0.112381
-3.01231 15.248 -9.27094 -0.0365147 0.387207 -0.112381
-7.88634 15.248 -5.72976 -0.0955967 0.387207 -0.0694551
-9.74805 15.248 -1.19379e-15 -0.118164 0.387207 -1.44709e-17
-7.88634 15.248 5.72976 -0.0955967 0.387207 0.0694551
-3.01231 15.248 9.27094 -0.0365147 0.387207 0.112381
3.01231 15.248 9.27094 0.0365147 0.387207 0.112381
7.88634 15.248 5.72976 0.0955967 0.387207 0.0694551
9.74805 15.248 2.38758e-15 0.118164 0.387207 2.89418e-17
9.35059 15.3506 -0 0.107666 0.397461 -0
7.56478 15.3506 -5.49614 0.0871036 0.397461 -0.0632845
2.88949 15.3506 -8.89294 0.0332706 0.397461 -0.102396
-2.88949 15.3506 -8.89294 -0.0332706 0.397461 -0.102396
-7.56478 15.3506 -5.49614 -0.0871036 0.397461 -0.0632845
-9.35059 15.3506 -1.14512e-15 -0.107666 0.397461 -1.31853e-17
-7.56478 15.3506 5.49614 -0.0871036 0.397461 0.0632845
-2.88949 15.3506 8.89294 -0.0332706 0.397461 0.102396
2.88949 15.3506 8.89294 0.0332706 0.397461 0.102396
7.56478 15.3506 5.49614 0.0871036 0.397461 0.0632845
9.35059 15.3506 2.29023e-15 0.107666 0.397461 2.63706e-17
8.94336 15.4434 -0 0.0976563 0.407227 -0
7.23533 15.4434 -5.25677 0.0790056 0.407227 -0.0574009
2.76365 15.4434 -8.50564 0.0301774 0.407227 -0.0928766
-2.76365 15.4434 -8.50564 -0.0301774 0.407227 -0.0928766
-7.23533 15.4434 -5.25677 -0.0790056 0.407227 -0.0574009
-8.94336 15.4434 -1.09525e-15 -0.0976563 0.407227 -1.19594e-17
-7.23533 15.4434 5.25677 -0.0790056 0.407227 0.0574009
-2.76365 15.4434 8.50564 -0.0301774 0.407227 0.0928766
2.76365 15.4434 8.50564 0.0301774 0.407227 0.0928766
7.23533 15.4434 5.25677 0.0790056 0.407227 0.0574009
8.94336 15.4434 2.19049e-15 0.0976563 0.407227 2.39189e-17
8.52686 15.5269 -0 0.0881348 0.416504 -0
6.89837 15.5269 -5.01196 0.0713025 0.416504 -0.0518043
2.63494 15.5269 -8.10952 0.0272351 0.416504 -0.0838211
-2.63494 15.5269 -8.10952 -0.0272351 0.416504 -0.0838211
-6.89837 15.5269 -5.01196 -0.0713025 0.416504 -0.0518043
-8.52686 15.5269 -1.04424e-15 -0.0881348 0.416504 -1.07934e-17
-6.89837 15.5269 5.01196 -0.0713025 0.416504 0.0518043
-2.63494 15.5269 8.10952 -0.0272351 0.416504 0.0838211
2.63494 15.5269 8.10952 0.0272351 0.416504 0.0838211
6.89837 15.5269 5.01196 0.0713025 0.416504 0.0518043
8.52686 15.5269 2.08848e-15 0.0881348 0.416504 2.15868e-17
8.10156 15.6016 -0 0.0791016 0.425293 -0
6.5543 15.6016 -4.76198 0.0639945 0.425293 -0.0464947
2.50352 15.6016 -7.70504 0.0244437 0.425293 -0.0752301
-2.50352 15.6016 -7.70504 -0.0244437 0.425293 -0.0752301
-6.5543 15.6016 -4.76198 -0.0639945 0.425293 -0.0464947
-8.10156 15.6016 -9.92155e-16 -0.0791016 0.425293 -9.68715e-18
-6.5543 15.6016 4.76198 -0.0639945 0.425293 0.0464947
-2.50352 15.6016 7.70504 -0.0244437 0.425293 0.0752301
2.50352 15.6016 7.70504 0.0244437 0.425293 0.0752301
6.5543 15.6016 4.76198 0.0639945 0.425293 0.0464947
8.10156 15.6016 1.98431e-15 0.0791016 0.425293 1.93743e-17
7.66797 15.668 -0 0.0705566 0.433594 -0
6.20352 15.668 -4.50712 0.0570815 0.433594 -0.0414722
2.36953 15.668 -7.29267 0.0218032 0.433594 -0.0671034
-2.36953 15.668 -7.29267 -0.0218032 0.433594 -0.0671034
-6.20352 15.668 -4.50712 -0.0570815 0.433594 -0.0414722
-7.66797 15.668 -9.39055e-16 -0.0705566 0.433594 -8.6407e-18
-6.20352 15.668 4.50712 -0.0570815 0.433594 0.0414722
-2.36953 15.668 7.29267 -0.0218032 0.433594 0.0671034
2.36953 15.668 7.29267 0.0218032 0.433594 0.0671034
6.20352 15.668 4.50712 0.0570815 0.433594 0.0414722
7.66797 15.668 1.87811e-15 0.0705566 0.433594 1.72814e-17
7.22656 15.7266 -0 0.0625 0.441406 -0
5.84641 15.7266 -4.24767 0.0505636 0.441406 -0.0367366
2.23313 15.7266 -6.87287 0.0193136 0.441406 -0.059441
-2.23313 15.7266 -6.87287 -0.0193136 0.441406 -0.059441
-5.84641 15.7266 -4.24767 -0.0505636 0.441406 -0.0367366
-7.22656 15.7266 -8.84999e-16 -0.0625 0.441406 -7.65404e-18
-5.84641 15.7266 4.24767 -0.0505636 0.441406 0.0367366
-2.23313 15.7266 6.87287 -0.0193136 0.441406 0.059441
2.23313 15.7266 6.87287 0.0193136 0.441406 0.059441
5.84641 15.7266 4.24767 0.0505636 0.441406 0.0367366
7.22656 15.7266 1.77e-15 0.0625 0.441406 1.53081e-17
6.77783 15.7778 -0 0.0549316 0.44873 -0
5.48338 15.7778 -3.98391 0.0444406 0.44873 -0.032288
2.09447 15.7778 -6.4461 0.0169748 0.44873 -0.0522431
-2.09447 15.7778 -6.4461 -0.0169748 0.44873 -0.0522431
-5.48338 15.7778 -3.98391 -0.0444406 0.44873 -0.032288
-6.77783 15.7778 -8.30045e-16 -0.0549316 0.44873 -6.72719e-18
-5.48338 15.7778 3.98391 -0.0444406 0.44873 0.032288
-2.09447 15.7778 6.4461 -0.0169748 0.44873 0.0522431
2.09447 15.7778 6.4461 0.0169748 0.44873 0.0522431
5.48338 15.7778 3.98391 0.0444406 0.44873 0.032288
6.77783 15.7778 1.66009e-15 0.0549316 0.44873 1.34544e-17
6.32227 15.8223 -0 0.0478516 0.455566 -0
5.11482 15.8223 -3.71613 0.0387127 0.455566 -0.0281264
1.95369 15.8223 -6.01283 0.0147869 0.455566 -0.0455095
-1.95369 15.8223 -6.01283 -0.0147869 0.455566 -0.0455095
-5.11482 15.8223 -3.71613 -0.0387127 0.455566 -0.0281264
-6.32227 15.8223 -7.74254e-16 -0.0478516 0.455566 -5.86013e-18
-5.11482 15.8223 3.71613 -0.0387127 0.455566 0.0281264
-1.95369 15.8223 6.01283 -0.0147869 0.455566 0.0455095
1.95369 15.8223 6.01283 0.0147869 0.455566 0.0455095
5.11482 15.8223 3.71613 0.0387127 0.455566 0.0281264
6.32227 15.8223 1.54851e-15 0.0478516 0.455566 1.17203e-17
5.86035 15.8604 -0 0.0412598 0.461914 -0
4.74112 15.8604 -3.44463 0.0333799 0.461914 -0.0242519
1.81095 15.8604 -5.57353 0.01275 0.461914 -0.0392404
-1.81095 15.8604 -5.57353 -0.01275 0.461914 -0.0392404
-4.74112 15.8604 -3.44463 -0.0333799 0.461914 -0.0242519
-5.86035 15.8604 -7.17686e-16 -0.0412598 0.461914 -5.05286e-18
-4.74112 15.8604 3.44463 -0.0333799 0.461914 0.0242519
-1.81095 15.8604 5.57353 -0.01275 0.461914 0.0392404
1.81095 15.8604 5.57353 0.01275 0.461914 0.0392404
4.74112 15.8604 3.44463 0.0333799 0.461914 0.0242519
5.86035 15.8604 1.43537e-15 0.0412598 0.461914 1.01057e-17
5.39258 15.8926 -0 0.0351563 0.467773 -0
4.36269 15.8926 -3.16968 0.028442 0.467773 -0.0206643
1.6664 15.8926 -5.12865 0.0108639 0.467773 -0.0334356
-1.6664 15.8926 -5.12865 -0.0108639 0.467773 -0.0334356
-4.36269 15.8926 -3.16968 -0.028442 0.467773 -0.0206643
-5.39258 15.8926 -6.604e-16 -0.0351563 0.467773 -4.3054e-18
-4.36269 15.8926 3.16968 -0.028442 0.467773 0.0206643
-1.6664 15.8926 5.12865 -0.0108639 0.467773 0.0334356
1.6664 15.8926 5.12865 0.0108639 0.467773 0.0334356
4.36269 15.8926 3.16968 0.028442 0.467773 0.0206643
5.39258 15.8926 1.3208e-15 0.0351563 0.467773 8.6108e-18
4.91943 15.9194 -0 0.029541 0.473145 -0
3.97991 15.9194 -2.89157 0.0238992 0.473145 -0.0173638
1.52019 15.9194 -4.67866 0.00912868 0.473145 -0.0280952
-1.52019 15.9194 -4.67866 -0.00912868 0.473145 -0.0280952
-3.97991 15.9194 -2.89157 -0.0238992 0.473145 -0.0173638
-4.91943 15.9194 -6.02457e-16 -0.029541 0.473145 -3.61773e-18
-3.97991 15.9194 2.89157 -0.0238992 0.473145 0.0173638
-1.52019 15.9194 4.67866 -0.00912868 0.473145 0.0280952
1.52019 15.9194 4.67866 0.00912868 0.473145 0.0280952
3.97991 15.9194 2.89157 0.0238992 0.473145 0.0173638
4.91943 15.9194 1.20491e-15 0.029541 0.473145 7.23546e-18
4.44141 15.9414 -0 0.0244141 0.478027 -0
3.59317 15.9414 -2.61059 0.0197514 0.478027 -0.0143502
1.37247 15.9414 -4.22403 0.00754436 0.478027 -0.0232192
-1.37247 15.9414 -4.22403 -0.00754436 0.478027 -0.0232192
-3.59317 15.9414 -2.61059 -0.0197514 0.478027 -0.0143502
-4.44141 15.9414 -5.43915e-16 -0.0244141 0.478027 -2.98986e-18
-3.59317 15.9414 2.61059 -0.0197514 0.478027 0.0143502
-1.37247 15.9414 4.22403 -0.00754436 0.478027 0.0232192
1.37247 15.9414 4.22403 0.00754436 0.478027 0.0232192
3.59317 15.9414 2.61059 0.0197514 0.478027 0.0143502
4.44141 15.9414 1.08783e-15 0.0244141 0.478027 5.97972e-18
3.95898 15.959 -0 0.0197754 0.482422 -0
3.20289 15.959 -2.32703 0.0159986 0.482422 -0.0116237
1.22339 15.959 -3.76522 0.00611093 0.482422 -0.0188075
-1.22339 15.959 -3.76522 -0.00611093 0.482422 -0.0188075
-3.20289 15.959 -2.32703 -0.0159986 0.482422 -0.0116237
-3.95898 15.959 -4.84836e-16 -0.0197754 0.482422 -2.42179e-18
-3.20289 15.959 2.32703 -0.0159986 0.482422 0.0116237
-1.22339 15.959 3.76522 -0.00611093 0.482422 0.0188075
1.22339 15.959 3.76522 0.00611093 0.482422 0.0188075
3.20289 15.959 2.32703 0.0159986 0.482422 0.0116237
3.95898 15.959 9.69671e-16 0.0197754 0.482422 4.84357e-18
3.47266 15.9727 -0 0.015625 0.486328 -0
2.80944 15.9727 -2.04118 0.0126409 0.486328 -0.00918414
1.07311 15.9727 -3.30269 0.00482839 0.486328 -0.0148603
-1.07311 15.9727 -3.30269 -0.00482839 0.486328 -0.0148603
-2.80944 15.9727 -2.04118 -0.0126409 0.486328 -0.00918414
-3.47266 15.9727 -4.25278e-16 -0.015625 0.486328 -1.91351e-18
-2.80944 15.9727 2.04118 -0.0126409 0.486328 0.00918414
-1.07311 15.9727 3.30269 -0.00482839 0.486328 0.0148603
1.07311 15.9727 3.30269 0.00482839 0.486328 0.0148603
2.80944 15.9727 2.04118 0.0126409 0.486328 0.00918414
3.47266 15.9727 8.50555e-16 0.015625 0.486328 3.82702e-18
2.98291 15.9829 -0 0.0119629 0.489746 -0
2.41322 15.9829 -1.75331 0.00967818 0.489746 -0.00703161
0.92177 15.9829 -2.83692 0.00369674 0.489746 -0.0113774
-0.92177 15.9829 -2.83692 -0.00369674 0.489746 -0.0113774
-2.41322 15.9829 -1.75331 -0.00967818 0.489746 -0.00703161
-2.98291 15.9829 -3.65301e-16 -0.0119629 0.489746 -1.46503e-18
-2.41322 15.9829 1.75331 -0.00967818 0.489746 0.00703161
-0.92177 15.9829 2.83692 -0.00369674 0.489746 0.0113774
0.92177 15.9829 2.83692 0.00369674 0.489746 0.0113774
2.41322 15.9829 1.75331 0.00967818 0.489746 0.00703161
2.98291 15.9829 7.30602e-16 0.0119629 0.489746 2.93006e-18
2.49023 15.9902 -0 0.00878906 0.492676 -0
2.01464 15.9902 -1.46372 0.0071105 0.492676 -0.00516608
0.769525 15.9902 -2.36835 0.00271597 0.492676 -0.00835889
-0.769525 15.9902 -2.36835 -0.00271597 0.492676 -0.00835889
-2.01464 15.9902 -1.46372 -0.0071105 0.492676 -0.00516608
-2.49023 15.9902 -3.04966e-16 -0.00878906 0.492676 -1.07635e-18
-2.01464 15.9902 1.46372 -0.0071105 0.492676 0.00516608
-0.769525 15.9902 2.36835 -0.00271597 0.492676 0.00835889
0.769525 15.9902 2.36835 0.00271597 0.492676 0.00835889
2.01464 15.9902 1.46372 0.0071105 0.492676 0.00516608
2.49023 15.9902 6.09932e-16 0.00878906 0.492676 2.1527e-18
1.99512 15.9951 -0 0.00610352 0.495117 -0
1.61408 15.9951 -1.1727 0.00493785 0.495117 -0.00358756
0.616525 15.9951 -1.89747 0.00188609 0.495117 -0.00580479
-0.616525 15.9951 -1.89747 -0.00188609 0.495117 -0.00580479
-1.61408 15.9951 -1.1727 -0.00493785 0.495117 -0.00358756
-1.99512 15.9951 -2.44331e-16 -0.00610352 0.495117 -7.47465e-19
-1.61408 15.9951 1.1727 -0.00493785 0.495117 0.00358756
-0.616525 15.9951 1.89747 -0.00188609 0.495117 0.00580479
0.616525 15.9951 1.89747 0.00188609 0.495117 0.00580479
1.61408 15.9951 1.1727 0.00493785 0.495117 0.00358756
1.99512 15.9951 4.88663e-16 0.00610352 0.495117 1.49493e-18
1.49805 15.998 -0 0.00390625 0.49707 -0
1.21195 15.998 -0.88053 0.00316022 0.49707 -0.00229604
0.462922 15.998 -1.42473 0.0012071 0.49707 -0.00371506
-0.462922 15.998 -1.42473 -0.0012071 0.49707 -0.00371506
-1.21195 15.998 -0.88053 -0.00316022 0.49707 -0.00229604
-1.49805 15.998 -1.83458e-16 -0.00390625 0.49707 -4.78378e-19
-1.21195 15.998 0.88053 -0.00316022 0.49707 0.00229604
-0.462922 15.998 1.42473 -0.0012071 0.49707 0.00371506
0.462922 15.998 1.42473 0.0012071 0.49707 0.00371506
1.21195 15.998 0.88053 0.00316022 0.49707 0.00229604
1.49805 15.998 3.66916e-16 0.00390625 0.49707 9.56755e-19
0.999512 15.9995 -0 0.00219727 0.498535 -0
0.808622 15.9995 -0.587498 0.00177763 0.498535 -0.00129152
0.308866 15.9995 -0.950592 0.000678992 0.498535 -0.00208972
-0.308866 15.9995 -0.950592 -0.000678992 0.498535 -0.00208972
-0.808622 15.9995 -0.587498 -0.00177763 0.498535 -0.00129152
-0.999512 15.9995 -1.22405e-16 -0.00219727 0.498535 -2.69087e-19
-0.808622 15.9995 0.587498 -0.00177763 0.498535 0.00129152
-0.308866 15.9995 0.950592 -0.000678992 0.498535 0.00208972
0.308866 15.9995 0.950592 0.000678992 0.498535 0.00208972
0.808622 15.9995 0.587498 0.00177763 0.498535 0.00129152
0.999512 15.9995 2.4481e-16 0.00219727 0.498535 5.38175e-19
0.5 16 -0 0.000976563 0.499512 -0
0.404509 16 -0.293893 0.000790056 0.499512 -0.000574009
0.154509 16 -0.475528 0.000301774 0.499512 -0.000928766
-0.154509 16 -0.475528 -0.000301774 0.499512 -0.000928766
-0.404509 16 -0.293893 -0.000790056 0.499512 -0.000574009
-0.5 16 -6.12323e-17 -0.000976563 0.499512 -1.19594e-19
-0.404509 16 0.293893 -0.000790056 0.499512 0.000574009
-0.154509 16 0.475528 -0.000301774 0.499512 0.000928766
0.154509 16 0.475528 0.000301774 0.499512 0.000928766
0.404509 16 0.293893 0.000790056 0.499512 0.000574009
0.5 16 1.22465e-16 0.000976563 0.499512 2.39189e-19
